function mpc = case69_16m
mpc.baseMVA = 100;
%% bus data
%bus_i type Pd      Qd  Gs Bs area   Vm     Va	baseKV	zone	Vmax	Vmin
% 3 =Ref, 2 =PV, 1 =PQ
mpc.bus = [
    1	2	0	0	0	0	1	1.045	0	100	1	1.06	0.94;
    2	2	0	0	0	0	1	0.98	0	100	1	1.06	0.94;
    3	2	0	0	0	0	1	0.983	0	100	1	1.06	0.94;
    4	2	0	0	0	0	1	0.997	0	100	1	1.06	0.94;
    5	2	0	0	0	0	1	1.011	0	100	1	1.06	0.94;
    6	2	0	0	0	0	1	1.05	0	100	1	1.06	0.94;
    7	2	0	0	0	0	1	1.063	0	100	1	1.06	0.94;
    8	2	0	0	0	0	1	1.03	0	100	1	1.06	0.94;
    9	2	0	0	0	0	1	1.025	0	100	1	1.06	0.94;
    10	2	0	0	0	0	2	1.01	0	100	2	1.06	0.94;
    11	2	0	0	0	0	2	1       0	100	2	1.06	0.94;
    12	2	0	0	0	0	2	1.0156	0	100	2	1.06	0.94;
    13	2	0	0	0	0	2	1.011	0	100	2	1.06	0.94;
    14	2	0	0	0	0	3	1       0	100	3	1.06	0.94;
    15	2	0	0	0	0	4	1       0	100	4	1.06	0.94;
    16	3	0	0	0	0	5	1       0	100	5	1.06	0.94;
    17	1	6000	300	0	0	2       1	0	100	2	1.06	0.94;
    18	1	2470	123	0	0	5       1	0	100	5	1.06	0.94;
    19	1	0	0	0	0	1	1       0	100	1	1.06	0.94;
    20	1	680	103	0	0	1	1       0	100	1	1.06	0.94;
    21	1	274	115	0	0	1	1       0	100	1	1.06	0.94;
    22	1	0	0	0	0	1	1       0	100	1	1.06	0.94;
    23	1	248	85	0	0	1	1       0	100	1	1.06	0.94;
    24	1	309	-92	0	0	1	1       0	100	1	1.06	0.94;
    25	1	224	47	0	0	1	1       0	100	1	1.06	0.94;
    26	1	139	17	0	0	1	1       0	100	1	1.06	0.94;
    27	1	281	76	0	0	1	1       0	100	1	1.06	0.94;
    28	1	206	28	0	0	1	1       0	100	1	1.06	0.94;
    29	1	284	27	0	0	1	1       0	100	1	1.06	0.94;
    30	1	0	0	0	0	2	1       0	100	2	1.06	0.94;
    31	1	0	0	0	0	2	1       0	100	2	1.06	0.94;
    32	1	0	0	0	0	2	1       0	100	2	1.06	0.94;
    33	1	112	0	0	0	2	1       0	100	2	1.06	0.94;
    34	1	0	0	0	0	2	1       0	100	2	1.06	0.94;
    35	1	0	0	0	0	2	1       0	100	2	1.06	0.94;
    36	1	102	-19.46	0	0	2       1	0	100	2	1.06	0.94;
    37	1	0	0	0	0	1	1       0	100	1	1.06	0.94;
    38	1	0	0	0	0	2	1       0	100	2	1.06	0.94;
    39	1	267	12.6	0	0	2       1	0	100	2	1.06	0.94;
    40	1	65.63	23.53	0	0       2	1	0	100	2	1.06	0.94;
    41	1	1000	250	0	0	3       1	0	100	3	1.06	0.94;
    42	1	1150	250	0	0	4       1	0	100	4	1.06	0.94;
    43	1	0	0	0	0	2	1       0	100	2	1.06	0.94;
    44	1	267.55	4.84	0	0       2	1	0	100	2	1.06	0.94;
    45	1	208	21	0	0	2	1       0	100	2	1.06	0.94;
    46	1	150.7	28.5	0	0   	2	1	0	100	2	1.06	0.94;
    47	1	203.12	32.59	0	0   	2	1	0	100	2	1.06	0.94;
    48	1	241.2	2.2	0	0	2       1	0	100	2	1.06	0.94;
    49	1	164	29	0	0	2	1       0	100	2	1.06	0.94;
    50	1	100	-147	0	0	2   	1	0	100	2	1.06	0.94;
    51	1	337	-122	0	0	2   	1	0	100	2	1.06	0.94;
    52	1	158	30	0	0	1	1   	0	100	1	1.06	0.94;
    53	1	252.7	118.56	0	0   	2	1	0	100	2	1.06	0.94;
    54	1	0	0	0	0	1	1   	0	100	1	1.06	0.94;
    55	1	322	2	0	0	1	1   	0	100	1	1.06	0.94;
    56	1	200	73.6	0	0	1   	1	0	100	1	1.06	0.94;
    57	1	0	0	0	0	1	1   	0	100	1	1.06	0.94;
    58	1	0	0	0	0	1	1   	0	100	1	1.06	0.94;
    59	1	234	84	0	0	1	1   	0	100	1	1.06	0.94;
    60	1	208.8	70.8	0	0   	1	1	0	100	1	1.06	0.94;
    61	1	104	125	0	0	2	1   	0	100	2	1.06	0.94;
    62	1	0	0	0	0	1	1   	0	100	1	1.06	0.94;
    63	1	0	0	0	0	1	1   	0	100	1	1.06	0.94;
    64	1	9	88	0	0	1	1   	0	100	1	1.06	0.94;
    65	1	0	0	0	0	1	1   	0	100	1	1.06	0.94;
    66	1	0	0	0	0	1	1   	0	100	1	1.06	0.94;
    67	1	320	153	0	0	1	1   	0	100	1	1.06	0.94;
    68	1	329	32	0	0	1	1       0	100	1	1.06	0.94;
    69  1   0   0   0   0   2   1       0   100 2   1.06    0.94;
    ];
%% generator data
%	bus	Pg	Qg	Qmax	Qmin	Vg	mBase	status	Pmax	Pmin	Pc1	Pc2	Qc1min	Qc1max	Qc2min	Qc2max	ramp_agc	ramp_10	ramp_30	ramp_q	apf
mpc.gen = [
    1	250	0	5000	-5000	1.045	100	1	5000	0	0	0	0	0	0	0	0	0	0	0	0
    2	545	0	5000	-5000	0.98	100	1	5000	0	0	0	0	0	0	0	0	0	0	0	0
    3	650	0	5000	-5000	0.983	100	1	5000	0	0	0	0	0	0	0	0	0	0	0	0
    4	632	0	5000	-5000	0.997	100	1	5000	0	0	0	0	0	0	0	0	0	0	0	0
    5	505	0	5000	-5000	1.011	100	1	5000	0	0	0	0	0	0	0	0	0	0	0	0
    6	700	0	5000	-5000	1.05	100	1	5000	0	0	0	0	0	0	0	0	0	0	0	0
    7	560	0	5000	-5000	1.063	100	1	5000	0	0	0	0	0	0	0	0	0	0	0	0
    8	540	0	5000	-5000	1.03	100	1	5000	0	0	0	0	0	0	0	0	0	0	0	0
    9	800	0	5000	-5000	1.025	100	1	5000	0	0	0	0	0	0	0	0	0	0	0	0
    10	500	0	5000	-5000	1.01	100	1	5000	0	0	0	0	0	0	0	0	0	0	0	0
    11	1000	0	5000	-5000	1	100	1	5000	0	0	0	0	0	0	0	0	0	0	0	0
    12	1350	0	5000	-5000	1.0156	100	1	5000	0	0	0	0	0	0	0	0	0	0	0	0
    13	3195	0	5000	-5000	1.011	100	1	5000	0	0	0	0	0	0	0	0	0	0	0	0
    14	1785	0	5000	-5000	1	100	1	5000	0	0	0	0	0	0	0	0	0	0	0	0
    15	1000	0	5000	-5000	1	100	1	5000	0	0	0	0	0	0	0	0	0	0	0	0
    16	4000	0	5000	-5000	1	100	1	5000	0	0	0	0	0	0	0	0	0	0	0	0
    ];
%% branch data
%	fbus	tbus	r	x	b	rateA	rateB	rateC	ratio	angle	status	angmin	angmax
